0.20000000 -6.86711000 4.17590000
0.20300000 -7.13545000 4.92698000
0.20600000 -7.36881500 5.65978250
0.20900000 -7.55153000 6.29555000
0.21200000 -7.84116000 6.65970000
0.21500000 -8.07848667 7.04612333
0.21800000 -8.35961000 7.43686000
0.22100000 -8.68029333 7.95473333
0.22400000 -8.92587143 8.54876571
0.22700000 -9.02862571 9.27346286
0.23000000 -9.13138000 9.99816000
0.23300000 -8.88655000 10.38556600
0.23600000 -8.65318000 10.63615000
0.23900000 -8.76636000 10.66408000
0.24200000 -9.22795600 10.83697600
0.24500000 -9.77810500 11.07703000
0.24800000 -10.32825400 11.31708400
0.25100000 -10.95984000 11.62656000
0.25400000 -11.78093500 12.18091000
0.25700000 -12.75854500 13.05762857
0.26000000 -14.00263000 14.43381429
0.26300000 -15.24671500 15.81000000
0.26600000 -16.49080000 17.18618571
0.26900000 -17.73488500 18.56237143
0.27200000 -18.79214167 21.04140000
0.27500000 -19.44254667 24.46722000
0.27800000 -19.81244000 28.11240000
0.28100000 -19.11402000 32.23711000
0.28400000 -17.35687000 36.84410500
0.28700000 -14.76792000 41.86942000
0.29000000 -8.69188000 45.99774000
0.29300000 -1.69980000 46.54712000
0.29600000 2.90706000 44.50920200
0.29900000 6.87406000 42.40587000
0.30200000 9.11866000 40.21854000
0.30500000 10.52543000 38.43531600
0.30800000 11.61698000 36.87803400
0.31100000 12.50275000 35.54957000
0.31400000 13.18983667 34.58720000
0.31700000 13.79090000 33.77763000
0.32000000 14.34602000 33.15117000
0.32300000 14.90814333 32.67653333
0.32600000 15.47327000 32.27088000
0.32900000 16.04994167 32.03526500
0.33200000 16.63369917 31.85803250
0.33500000 17.21745667 31.68080000
0.33800000 17.80121417 31.50356750
0.34100000 18.40261000 31.47075000
0.34400000 19.03739000 31.61210000
0.34700000 19.74834000 31.93646000
0.35000000 20.61683000 32.48943000
0.35300000 21.80578000 33.37353000
0.35600000 23.51982000 34.57018000
0.35900000 27.59108667 34.69744333
0.36200000 31.66235333 34.82470667
0.36500000 35.73362000 34.95197000
0.36800000 40.27624000 31.04305000
0.37100000 42.99498000 25.90033000
0.37400000 43.62694000 20.46502000
0.37700000 42.32485250 16.66075500
0.38000000 40.67911625 13.38101250
0.38300000 39.03338000 10.10127000
0.38600000 37.18510000 8.34960000
0.38900000 35.59718167 7.10793333
0.39200000 34.14431667 6.12793333
0.39500000 32.78605600 5.27191200
0.39800000 31.61700400 4.66384800
0.40100000 30.54271000 4.14554000
0.40400000 29.61317000 3.71372000
0.40700000 28.82740200 3.41312000
0.41000000 28.08021000 3.14657000
0.41300000 27.33301800 2.88002000
0.41600000 26.62301000 2.63986000
0.41900000 26.02402000 2.48647000
0.42200000 25.50130143 2.30852286
0.42500000 24.99167857 2.14214714
0.42800000 24.50216333 1.99585000
0.43100000 24.05795000 1.88984000
0.43400000 23.63777000 1.80019000
0.43700000 23.25521000 1.76688000
0.44000000 22.89487000 1.64273000
0.44300000 22.54393000 1.54045000
0.44600000 22.23732000 1.40596000
0.44900000 21.96600474 1.37438105
0.45200000 21.69468947 1.34280211
0.45500000 21.42337421 1.31122316
0.45800000 21.15205895 1.27964421
0.46100000 20.88074368 1.24806526
0.46400000 20.60942842 1.21648632
0.46700000 20.36874000 1.17753000
0.47000000 20.16167000 1.07803000
0.47300000 19.95488000 1.02904750
0.47600000 19.77379000 0.86553000
0.47900000 19.59197000 0.81701000
0.48200000 19.41796333 0.77501000
0.48500000 19.24395667 0.73301000
0.48800000 19.06995000 0.69101000
0.49100000 18.90913000 0.67423000
0.49400000 18.75390000 0.64956000
0.49700000 18.60484000 0.62984000
0.50000000 18.46310000 0.62597000
